"1"	"10"	"11"	"12"	"13"	"2"	"3"	"4"	"5"	"6"	"7"	"8"	"9"	"Total"
"0"	5.55555555555556	0	9.72222222222222	2.77777777777778	5.55555555555556	5.55555555555556	11.1111111111111	6.94444444444444	4.16666666666667	6.94444444444444	40.2777777777778	1.38888888888889	0	100
"11"	3.92156862745098	0	3.92156862745098	0	7.84313725490196	0	3.92156862745098	0	1.96078431372549	23.5294117647059	54.9019607843137	0	0	100
"12"	0	0	0	0	11.1111111111111	0	0	0	0	11.1111111111111	77.7777777777778	0	0	100
"13"	0	4.34782608695652	4.34782608695652	0	8.69565217391304	0	0	0	0	30.4347826086957	52.1739130434783	0	0	100
"21"	5.24590163934426	0.327868852459016	6.22950819672131	0.327868852459016	6.55737704918033	4.26229508196721	13.4426229508197	6.22950819672131	3.60655737704918	12.4590163934426	40.9836065573771	0	0.327868852459016	100
"22"	4.34782608695652	0.668896321070234	6.35451505016722	0.668896321070234	9.36454849498328	5.35117056856187	10.3678929765886	4.0133779264214	2.0066889632107	2.34113712374582	53.5117056856187	1.00334448160535	0	100
"23"	3.2258064516129	3.2258064516129	9.67741935483871	16.1290322580645	9.67741935483871	9.67741935483871	0	0	3.2258064516129	9.67741935483871	22.5806451612903	9.67741935483871	3.2258064516129	100
"31"	4.16666666666667	2.77777777777778	5.55555555555556	4.16666666666667	9.72222222222222	5.55555555555556	11.1111111111111	6.25	4.16666666666667	6.25	36.8055555555556	2.08333333333333	1.38888888888889	100
"33"	5.58139534883721	2.32558139534884	12.5581395348837	11.1627906976744	9.76744186046512	21.3953488372093	5.11627906976744	0.465116279069767	3.72093023255814	3.25581395348837	15.3488372093023	2.7906976744186	6.51162790697674	100
"34"	4.88721804511278	0.75187969924812	12.406015037594	7.5187969924812	9.02255639097744	16.9172932330827	4.88721804511278	2.25563909774436	3.7593984962406	9.02255639097744	23.6842105263158	4.13533834586466	0.75187969924812	100
"35"	5.40540540540541	0.540540540540541	3.78378378378378	4.32432432432432	6.48648648648649	8.10810810810811	9.72972972972973	12.972972972973	1.62162162162162	2.7027027027027	40.5405405405405	1.62162162162162	2.16216216216216	100
"37"	8.7719298245614	2.5518341307815	8.7719298245614	12.5996810207337	6.53907496012759	25.1993620414673	0.956937799043062	0.478468899521531	4.94417862838915	5.42264752791069	16.5869218500797	4.14673046251994	3.03030303030303	100
"38"	8.09859154929578	4.04929577464789	6.33802816901408	9.33098591549296	8.27464788732394	26.2323943661972	1.58450704225352	1.76056338028169	4.75352112676056	4.92957746478873	15.4929577464789	4.22535211267606	4.92957746478873	100
"42"	5.98130841121495	1.30841121495327	9.53271028037383	4.67289719626168	7.85046728971963	11.7757009345794	11.4018691588785	5.79439252336449	3.73831775700935	7.28971962616822	28.9719626168224	1.30841121495327	0.373831775700935	100
"43"	4.25531914893617	1.50187734668335	9.13642052565707	7.50938673341677	6.88360450563204	11.2640801001252	5.38172715894869	5.00625782227785	9.51188986232791	12.1401752190238	22.4030037546934	3.50438047559449	1.50187734668335	100
"44"	0	0	0	0	0	0	0	100	0	0	0	0	0	100
"45"	2.12765957446809	1.59574468085106	10.1063829787234	12.2340425531915	10.6382978723404	21.8085106382979	4.25531914893617	1.06382978723404	2.65957446808511	4.78723404255319	26.063829787234	1.59574468085106	1.06382978723404	100
"46"	7.07885304659498	2.41935483870968	8.78136200716846	8.87096774193548	6.54121863799283	16.6666666666667	4.83870967741935	3.13620071684588	3.85304659498208	6.54121863799283	25.3584229390681	4.56989247311828	1.34408602150538	100
"47"	7.86516853932584	1.31086142322097	6.74157303370786	10.2996254681648	5.43071161048689	15.5430711610487	5.0561797752809	1.12359550561798	3.18352059925094	5.43071161048689	32.0224719101124	3.93258426966292	2.05992509363296	100
"48"	4.66101694915254	4.66101694915254	5.08474576271187	13.135593220339	4.23728813559322	18.2203389830508	2.54237288135593	0.847457627118644	7.20338983050847	13.135593220339	21.1864406779661	3.8135593220339	1.27118644067797	100
"52"	4.95672698662471	1.1014948859166	6.68764752163651	4.2486231313926	3.3044846577498	11.5656963021243	9.75609756097561	6.68764752163651	3.6978756884343	13.0605822187254	32.4940991345397	1.2588512981904	1.1801730920535	100
"53"	5.71428571428571	2.22222222222222	10.7936507936508	2.53968253968254	4.12698412698413	13.3333333333333	8.25396825396825	2.85714285714286	4.44444444444444	9.20634920634921	34.6031746031746	1.58730158730159	0.317460317460317	100
"54"	6.58227848101266	0.632911392405063	6.70886075949367	9.62025316455696	6.07594936708861	14.8101265822785	7.21518987341772	5.31645569620253	3.16455696202532	6.9620253164557	27.9746835443038	3.41772151898734	1.51898734177215	100
"55"	7.89473684210526	1.43540669856459	7.05741626794258	8.73205741626794	3.4688995215311	16.0287081339713	7.05741626794258	2.7511961722488	6.10047846889952	9.21052631578947	27.0334928229665	2.63157894736842	0.598086124401914	100
"56"	4.27215189873418	0.632911392405063	6.4873417721519	2.61075949367089	2.61075949367089	10.5221518987342	8.46518987341772	9.49367088607595	4.82594936708861	9.81012658227848	38.0537974683544	1.18670886075949	1.02848101265823	100
"62"	5.78512396694215	2.06611570247934	9.09090909090909	8.26446280991736	3.92561983471074	11.3636363636364	6.61157024793388	2.06611570247934	4.95867768595041	11.5702479338843	28.7190082644628	4.54545454545455	1.03305785123967	100
"63"	7.50407830342577	2.44698205546493	7.01468189233279	8.80913539967374	3.2626427406199	9.78792822185971	8.97226753670473	3.91517128874388	3.09951060358891	11.9086460032626	30.9951060358891	1.46818923327896	0.815660685154975	100
"64"	5.0561797752809	1.12359550561798	3.37078651685393	4.21348314606742	3.65168539325843	9.26966292134832	6.46067415730337	5.89887640449438	8.70786516853933	13.4831460674157	36.2359550561798	1.40449438202247	1.12359550561798	100
"65"	7.9295154185022	2.20264317180617	5.2863436123348	4.84581497797357	3.08370044052863	11.8942731277533	9.69162995594714	1.3215859030837	3.08370044052863	10.1321585903084	37.4449339207048	2.20264317180617	0.881057268722467	100
"67"	10.8108108108108	0.900900900900901	7.92792792792793	3.78378378378378	3.06306306306306	15.1351351351351	20.3603603603604	2.88288288288288	2.88288288288288	11.1711711711712	18.9189189189189	1.44144144144144	0.720720720720721	100
"68"	8.09792843691149	0.376647834274953	5.64971751412429	5.08474576271187	2.25988700564972	8.28625235404897	14.1242937853107	10.3578154425612	3.57815442561205	10.9227871939736	29.7551789077213	0.753295668549906	0.753295668549906	100
"69"	9.70149253731343	2.98507462686567	5.22388059701492	6.71641791044776	2.98507462686567	5.22388059701492	16.4179104477612	6.71641791044776	1.49253731343284	17.1641791044776	25.3731343283582	0	0	100
"Ensemble"	6.32547864506627	1.57584683357879	7.44477172312224	6.73048600883652	5.20618556701031	13.5935198821797	7.87187039764359	4.58762886597938	4.42562592047128	9.21944035346097	29.1678939617084	2.48159057437408	1.36966126656848	100
